name: flask_app
channels:
  - conda-forge
  - defaults
dependencies:
  - blinker=1.8.2=pyhd8ed1ab_0
  - brotli-python=1.0.9=py311h12c1d0e_8
  - bzip2=1.0.8=h2bbff1b_6
  - ca-certificates=2024.8.30=h56e8100_0
  - certifi=2024.8.30=pyhd8ed1ab_0
  - charset-normalizer=3.3.2=pyhd8ed1ab_0
  - click=8.1.7=win_pyh7428d3b_0
  - colorama=0.4.6=pyhd8ed1ab_0
  - flask=2.3.2=pyhd8ed1ab_0
  - idna=3.8=pyhd8ed1ab_0
  - importlib-metadata=8.5.0=pyha770c72_0
  - itsdangerous=2.2.0=pyhd8ed1ab_0
  - jinja2=3.1.4=pyhd8ed1ab_0
  - libffi=3.4.4=hd77b12b_1
  - markupsafe=2.1.3=py311h2bbff1b_0
  - openssl=3.0.15=h827c3e9_0
  - pip=24.2=py311haa95532_0
  - pysocks=1.7.1=pyh0701188_6
  - python=3.11.9=he1021f5_0
  - python_abi=3.11=2_cp311
  - requests=2.31.0=pyhd8ed1ab_0
  - setuptools=72.1.0=py311haa95532_0
  - sqlite=3.45.3=h2bbff1b_0
  - tk=8.6.14=h0416ee5_0
  - tzdata=2024a=h04d1e81_0
  - ucrt=10.0.22621.0=h57928b3_0
  - urllib3=2.2.2=pyhd8ed1ab_0
  - vc=14.40=h2eaa2aa_1
  - vs2015_runtime=14.40.33807=h98bb1dd_1
  - werkzeug=3.0.4=pyhd8ed1ab_0
  - wheel=0.43.0=py311haa95532_0
  - win_inet_pton=1.1.0=pyhd8ed1ab_6
  - xz=5.4.6=h8cc25b3_1
  - zipp=3.20.1=pyhd8ed1ab_0
  - zlib=1.2.13=h8cc25b3_1
prefix: C:\Users\selma\miniconda3\envs\flask_app
